$ANSIBLE_VAULT;1.2;AES256;password1
38626532373664386330383766323237326234633666396461396133396639623865343637383164
3934383632393639626166356137363233383434643931370a383362343031663465613765623532
31353733333334656439393238343132393234316134663765666130666266356662383531376332
6466346664366632390a363431646462303731336237656136313633663265333938633137383031
35336539613965633966346139353038306435616138356330326137346662316463383338313337
63613937313332653232353061333531616262343861346333646237633363376666643930613631
33336434333266646164623366626533313032633134356565383561373232343636613533653762
36353862313962396463383439646234613364633137306435613938613036386663653664323933
37343462313536363262346361323033643638363237343235396435636433313764356531646137
62353362393061653830323161306537656630303966303638313432633038663435616135633164
62666232623263333031353762303839383165666532633766666434653263373063306339366237
61313137303534653637333666616162613630333663653437303834313564633939396462336365
35376331376337653962653532383538373439616438643434386636613366653561303135396430
63333539383631366331643664316433323935336135306661626662656532396638366137313765
62383064303635653432386233653234323537313663383661663337613733666635353166613836
33643833636161666138316332663337336530383336383135333863323966363430663731396565
35623435346564386565303937626235316630313764636439643830643464393139666239663833
30326161663663333633316637326662656633623639393938353266373365663930383764386263
31366330643231613737633433383836623730646365623963666233616631633732323537346439
31623730633163663865336234616237663936643236613463303862663865396436373234613032
39353161343161316261663037306439663233386132383935366130343736376233346330623963
37383161626166393034356234383439313964346561323634386665383735313038663562663136
35326630653735383764396466376265363239663862636636363264343665383135353936353065
34333664636533663961323061386533613036313631363630373161663365643065323235663131
65393939643435343835343430626332646237616130336138643134643536333066
